0.000000 293590816.000000
0.000977 111001056.000000
0.001953 2626500.500000
0.002930 5583931.500000
0.003906 27147510.000000
0.004883 64858668.000000
0.005859 21702296.000000
0.006836 32255202.000000
0.007812 31706176.000000
0.008789 17239528.000000
0.009766 33900012.000000
0.010742 33868800.000000
0.011719 57587560.000000
0.012695 93905624.000000
0.013672 83645040.000000
0.014648 61375844.000000
0.015625 46976544.000000
0.016602 95415672.000000
0.017578 137812848.000000
0.018555 238471808.000000
0.019531 142358304.000000
0.020508 203583248.000000
0.021484 165763040.000000
0.022461 406539584.000000
0.023438 433248544.000000
0.024414 309500000.000000
0.025391 325848160.000000
0.026367 296494592.000000
0.027344 526180352.000000
0.028320 428212544.000000
0.029297 438145760.000000
0.030273 331375456.000000
0.031250 467725184.000000
0.032227 726239744.000000
0.033203 735426112.000000
0.034180 576022336.000000
0.035156 451491456.000000
0.036133 635686912.000000
0.037109 974671296.000000
0.038086 1036706496.000000
0.039062 795866944.000000
0.040039 600975872.000000
0.041016 805772544.000000
0.041992 1215705472.000000
0.042969 1264620288.000000
0.043945 1003971904.000000
0.044922 767715136.000000
0.045898 985124672.000000
0.046875 1464577664.000000
0.047852 1435670400.000000
0.048828 1132459392.000000
0.049805 874224128.000000
0.050781 1134133760.000000
0.051758 1661679360.000000
0.052734 1601831808.000000
0.053711 1201441024.000000
0.054688 907768448.000000
0.055664 1199310080.000000
0.056641 1730943872.000000
0.057617 1704097280.000000
0.058594 1241385856.000000
0.059570 919885760.000000
0.060547 1180601344.000000
0.061523 1690932992.000000
0.062500 1649449088.000000
0.063477 1219934720.000000
0.064453 907662464.000000
0.065430 1116954496.000000
0.066406 1591063424.000000
0.067383 1476558336.000000
0.068359 1103446272.000000
0.069336 821849600.000000
0.070312 1015433856.000000
0.071289 1425897344.000000
0.072266 1285654912.000000
0.073242 928063744.000000
0.074219 674860480.000000
0.075195 858041728.000000
0.076172 1181093888.000000
0.077148 1083592832.000000
0.078125 752096000.000000
0.079102 531554432.000000
0.080078 664955712.000000
0.081055 904257152.000000
0.082031 833176832.000000
0.083008 583128064.000000
0.083984 411766880.000000
0.084961 488089216.000000
0.085938 656093376.000000
0.086914 572569280.000000
0.087891 410638240.000000
0.088867 293411808.000000
0.089844 342065024.000000
0.090820 458583616.000000
0.091797 368109024.000000
0.092773 245595152.000000
0.093750 221368416.000000
0.094727 151033376.000000
0.095703 587405504.000000
0.096680 130286440.000000
0.097656 874329344.000000
0.098633 336555872.000000
0.099609 1207179520.000000
0.100586 405352864.000000
0.101562 957240320.000000
0.102539 277507136.000000
0.103516 322034240.000000
0.104492 69750336.000000
0.105469 109977712.000000
0.106445 60258696.000000
0.107422 45291780.000000
0.108398 28488494.000000
0.109375 31500436.000000
0.110352 36414296.000000
0.111328 20826336.000000
0.112305 14505630.000000
0.113281 13653452.000000
0.114258 12720040.000000
0.115234 20368212.000000
0.116211 13515688.000000
0.117188 2958412.500000
0.118164 3055444.000000
0.119141 5275785.500000
0.120117 5377473.500000
0.121094 16514684.000000
0.122070 10961601.000000
0.123047 5269454.500000
0.124023 24701284.000000
0.125000 6551356.500000
0.125977 1041372.062500
0.126953 2312338.000000
0.127930 409594.843750
0.128906 914208.937500
0.129883 74463.453125
0.130859 660270.500000
0.131836 96411.281250
0.132812 307723.343750
0.133789 24806.683594
0.134766 291945.625000
0.135742 41195.035156
0.136719 145564.234375
0.137695 18750.412109
0.138672 160431.796875
0.139648 23202.193359
0.140625 85330.398438
0.141602 17556.279297
0.142578 100779.929688
0.143555 15402.769531
0.144531 57946.265625
0.145508 17155.955078
0.146484 69230.804688
0.147461 11504.800781
0.148438 43551.242188
0.149414 16959.457031
0.150391 50740.621094
0.151367 9419.045898
0.152344 35011.699219
0.153320 16847.064453
0.154297 38959.437500
0.155273 8266.316406
0.156250 29462.453125
0.157227 16817.773438
0.158203 30954.490234
0.159180 7665.118164
0.160156 25571.871094
0.161133 16853.570312
0.162109 25263.246094
0.163086 7407.539062
0.164062 22640.031250
0.165039 16941.556641
0.166016 21022.453125
0.166992 7342.021484
0.167969 20342.380859
0.168945 17080.343750
0.169922 17761.025391
0.170898 7415.965332
0.171875 18449.226562
0.172852 17252.804688
0.173828 15185.137695
0.174805 7587.801758
0.175781 16837.896484
0.176758 17461.570312
0.177734 13135.531250
0.178711 7837.599609
0.179688 15376.533203
0.180664 17729.261719
0.181641 11597.522461
0.182617 8313.472656
0.183594 13815.136719
0.184570 18086.363281
0.185547 10821.939453
0.186523 9667.549805
0.187500 11398.367188
0.188477 18847.660156
0.189453 13260.033203
0.190430 18460.853516
0.191406 5243.003906
0.192383 22925.646484
0.193359 92180.015625
0.194336 488519.156250
0.195312 1288510.500000
0.196289 3546357.750000
0.197266 6964863.500000
0.198242 10647748.000000
0.199219 14743192.000000
0.200195 15284120.000000
0.201172 12713392.000000
0.202148 8914695.000000
0.203125 4378005.000000
0.204102 1767009.750000
0.205078 486493.218750
0.206055 53498.226562
0.207031 20126.220703
0.208008 19683.197266
0.208984 6451.103516
0.209961 19083.705078
0.210938 3833.095703
0.211914 21464.281250
0.212891 9643.660156
0.213867 25842.833984
0.214844 2899.774414
0.215820 21893.347656
0.216797 9145.799805
0.217773 27150.148438
0.218750 2578.947998
0.219727 22193.433594
0.220703 8154.238281
0.221680 27627.744141
0.222656 2366.947754
0.223633 22488.041016
0.224609 7248.055664
0.225586 28152.710938
0.226562 2182.648438
0.227539 22719.849609
0.228516 6419.403809
0.229492 28595.232422
0.230469 2098.344238
0.231445 23048.062500
0.232422 5773.768066
0.233398 29358.554688
0.234375 2055.871338
0.235352 23338.498047
0.236328 5210.676270
0.237305 30122.453125
0.238281 2107.251953
0.239258 23684.332031
0.240234 4783.323242
0.241211 31043.457031
0.242188 2266.946045
0.243164 23964.207031
0.244141 4412.580078
0.245117 31938.802734
0.246094 2546.101562
0.247070 24317.558594
0.248047 4191.452148
0.249023 33035.980469
0.250000 2965.721436
0.250977 24638.042969
0.251953 4034.803467
0.252930 34093.113281
0.253906 3557.570312
0.254883 24981.742188
0.255859 4018.531494
0.256836 35217.339844
0.257812 4338.720215
0.258789 25374.189453
0.259766 4125.627930
0.260742 36413.480469
0.261719 5363.802246
0.262695 25749.480469
0.263672 4405.380371
0.264648 37584.320312
0.265625 6657.307129
0.266602 26186.656250
0.267578 4881.832520
0.268555 38808.691406
0.269531 8302.333984
0.270508 26653.914062
0.271484 5594.622070
0.272461 40012.394531
0.273438 10296.995117
0.274414 27257.433594
0.275391 6639.341309
0.276367 41249.125000
0.277344 12778.345703
0.278320 27817.472656
0.279297 7964.339844
0.280273 42512.335938
0.281250 15570.387695
0.282227 28194.769531
0.283203 9355.673828
0.284180 44009.246094
0.285156 17954.646484
0.286133 27437.777344
0.287109 9394.174805
0.288086 47036.332031
0.289062 16801.746094
0.290039 31152.800781
0.291016 16450.941406
0.291992 63966.703125
0.292969 93079.531250
0.293945 1497925.250000
0.294922 6978645.500000
0.295898 23767024.000000
0.296875 50430216.000000
0.297852 86027304.000000
0.298828 121877360.000000
0.299805 134662992.000000
0.300781 129368024.000000
0.301758 101720896.000000
0.302734 62425912.000000
0.303711 32816544.000000
0.304688 11623742.000000
0.305664 2528403.500000
0.306641 357666.312500
0.307617 41567.542969
0.308594 56572.167969
0.309570 28769.378906
0.310547 19437.640625
0.311523 67854.453125
0.312500 38011.726562
0.313477 46029.339844
0.314453 23943.056641
0.315430 75114.718750
0.316406 43467.878906
0.317383 50703.960938
0.318359 28446.361328
0.319336 79518.812500
0.320312 52648.734375
0.321289 51139.707031
0.322266 33909.101562
0.323242 83654.554688
0.324219 64825.148438
0.325195 51096.027344
0.326172 41547.390625
0.327148 88201.929688
0.328125 80498.203125
0.329102 51484.058594
0.330078 52211.703125
0.331055 93542.023438
0.332031 100698.875000
0.333008 52558.539062
0.333984 67112.492188
0.334961 99885.992188
0.335938 127085.234375
0.336914 54516.757812
0.337891 88034.757812
0.338867 107732.273438
0.339844 162367.234375
0.340820 57598.605469
0.341797 117993.250000
0.342773 117620.718750
0.343750 210925.171875
0.344727 62305.597656
0.345703 162193.390625
0.346680 130587.578125
0.347656 280390.875000
0.348633 69514.703125
0.349609 229804.906250
0.350586 148563.250000
0.351562 384554.031250
0.352539 80934.343750
0.353516 338928.437500
0.354492 175095.875000
0.355469 550921.000000
0.356445 100463.171875
0.357422 527650.187500
0.358398 218236.843750
0.359375 840314.062500
0.360352 137863.125000
0.361328 887230.312500
0.362305 299489.562500
0.363281 1408123.375000
0.364258 224536.125000
0.365234 1677734.375000
0.366211 493010.375000
0.367188 2745527.500000
0.368164 502530.750000
0.369141 3866027.500000
0.370117 1207601.500000
0.371094 7078944.000000
0.372070 2188904.500000
0.373047 13526648.000000
0.374023 8495267.000000
0.375000 42371408.000000
0.375977 140972976.000000
0.376953 30616666.000000
0.377930 56251056.000000
0.378906 86848152.000000
0.379883 28940582.000000
0.380859 28390936.000000
0.381836 18833094.000000
0.382812 14226904.000000
0.383789 66551216.000000
0.384766 94599856.000000
0.385742 60668212.000000
0.386719 66046936.000000
0.387695 69175064.000000
0.388672 101808640.000000
0.389648 159094416.000000
0.390625 140159984.000000
0.391602 119247120.000000
0.392578 192445712.000000
0.393555 261453392.000000
0.394531 460821920.000000
0.395508 298683680.000000
0.396484 1291805184.000000
0.397461 1106439936.000000
0.398438 3773440256.000000
0.399414 1546305280.000000
0.400391 4645329920.000000
0.401367 1277529344.000000
0.402344 3271161856.000000
0.403320 502790784.000000
0.404297 2080711680.000000
0.405273 560869568.000000
0.406250 779893568.000000
0.407227 836856576.000000
0.408203 1295108736.000000
0.409180 1470883968.000000
0.410156 1162906880.000000
0.411133 926651200.000000
0.412109 1297545728.000000
0.413086 1859197696.000000
0.414062 1993459072.000000
0.415039 1563615616.000000
0.416016 1207757568.000000
0.416992 1718590336.000000
0.417969 2455958272.000000
0.418945 2579928832.000000
0.419922 1975089536.000000
0.420898 1501989504.000000
0.421875 2071922816.000000
0.422852 2985522432.000000
0.423828 3100467456.000000
0.424805 2347501568.000000
0.425781 1794373376.000000
0.426758 2380194816.000000
0.427734 3386601472.000000
0.428711 3461024768.000000
0.429688 2603398400.000000
0.430664 1983815040.000000
0.431641 2635661056.000000
0.432617 3641075456.000000
0.433594 3652199936.000000
0.434570 2710627840.000000
0.435547 2021825280.000000
0.436523 2732788736.000000
0.437500 3713886464.000000
0.438477 3675834368.000000
0.439453 2676540672.000000
0.440430 1970259840.000000
0.441406 2617658112.000000
0.442383 3565100544.000000
0.443359 3492992512.000000
0.444336 2504363264.000000
0.445312 1856201216.000000
0.446289 2375154688.000000
0.447266 3212462336.000000
0.448242 3106575616.000000
0.449219 2204798208.000000
0.450195 1634017536.000000
0.451172 2082648576.000000
0.452148 2732114432.000000
0.453125 2599811072.000000
0.454102 1822015360.000000
0.455078 1315226368.000000
0.456055 1720988800.000000
0.457031 2196754176.000000
0.458008 2060030336.000000
0.458984 1415838976.000000
0.459961 997427648.000000
0.460938 1294368256.000000
0.461914 1648370304.000000
0.462891 1530845824.000000
0.463867 1024329856.000000
0.464844 732443968.000000
0.465820 900844288.000000
0.466797 1127294464.000000
0.467773 1053760320.000000
0.468750 676234432.000000
0.469727 487060768.000000
0.470703 638273600.000000
0.471680 646048256.000000
0.472656 754207872.000000
0.473633 398919072.000000
0.474609 426063072.000000
0.475586 394879840.000000
0.476562 556366656.000000
0.477539 566805504.000000
0.478516 230398096.000000
0.479492 270852352.000000
0.480469 181007616.000000
0.481445 270299072.000000
0.482422 174639344.000000
0.483398 116907136.000000
0.484375 79013928.000000
0.485352 87117640.000000
0.486328 90078128.000000
0.487305 99622880.000000
0.488281 41044488.000000
0.489258 43463612.000000
0.490234 48089696.000000
0.491211 28255050.000000
0.492188 49536488.000000
0.493164 11090442.000000
0.494141 17640960.000000
0.495117 37221596.000000
0.496094 14938327.000000
0.497070 40769720.000000
0.498047 6260403.000000
0.499023 42347084.000000
